3263954944
1108082688
3248488448
1101004800
1106247680
1065353216
1112014848
1112014848
1132396544
0
1
1
0
1101004800
1101004800
1115815936
0
1101004800
1110704128
1065353216
1065353216
1132068864
1124073472
1129447424
0
0
3
1
0
1103626240
1109393408
1116471296
0
0
1109393408
1065353216
1065353216
1132068864
1124073472
1129447424
0
0
3
1
0
0
1106247680
1106247680
0
3231711232
0
3212836864
1065353216
1132068864
1124073472
1129512960
0
0
1
1
0
1101004800
1092616192
1106247680
0
3240099840
1117782016
1065353216
1065353216
1132068864
1124073472
1129512960
0
0
2
1
0
0
3217031168
3212836864
0
0
1112014848
1065353216
1065353216
1132068864
1124073472
1129512960
0
0
1
1
0
1102053376
1105199104
1105199104
0
3231711232
0
1065353216
1065353216
1132068864
0
1129512960
1129512960
0
3
1
0
1109393408
1105199104
1105199104
0
3231711232
0
1065353216
1065353216
1132068864
0
1129512960
1129512960
0
3
1
0
0
1097859072
1097859072
0
3231711232
0
3212836864
1065353216
1132068864
0
1129512960
1129512960
0
3
1
0
1097859072
1103626240
1103626240
0
3231711232
1116471296
1065353216
1065353216
1132068864
1129512960
0
0
0
1
1
0
1084227584
1093664768
1110704128
0
1108082688
1109393408
1065353216
1065353216
1132068864
1129512960
1124073472
0
0
3
1
0
1106247680
1110704128
1117126656
0
0
1109393408
1065353216
1065353216
1132068864
1129512960
1124073472
0
0
1
1
0
1103626240
1109655552
1116471296
0
1084227584
1109393408
1065353216
1065353216
1132068864
0
0
0
1
1
1
0
1120403456
1084227584
1128792064
0
3255566336
1125515264
1065353216
1065353216
1132068864
1128792064
1128792064
1128792064
0
3
1
0
1103626240
1092616192
1092616192
0
3231711232
0
1065353216
1065353216
1132068864
1129512960
1124073472
1124073472
0
3
2
0
1103626240
1101004800
1101004800
0
0
1116471296
1065353216
1050253722
0
0
0
1132396544
2
3
1
0
1101004800
1101004800
1101004800
1120403456
1109393408
1123024896
1065353216
1065353216
1125515264
1132396544
1132396544
1132396544
0
2
2
0
0
0
3212836864
0
0
1128792064
1065353216
1045220557
0
1132396544
0
0
4294967295
0
1
2
4294967295
3
1
4
4294967295
5
6
7
4294967295
8
4294967295
9
10
4294967295
12
4294967295
13
4294967295
14
4294967295
15
4294967295
16
4294967295
4294967295
11
0
1
2
3
4
6
4294967295
99
9
8
7
5
4294967295
4294967295